2 3 4
-23 19 15 28
31 3 -11 -18
29 -6 6 28
22 12 4 -1
15 -31 -6 -18
-1 -4 -24 8
7 -7 14 -16
-8 20 11 10
29 18 19 -1
18 29 -17 -10
-6 13 -27 23
13 13 3 -3
-22 9 -27 -7
2 9 30 6
13 -25 17 -16
-27 -2 8 -17
17 -9 -29 -4
8 31 -31 26
10 20
12 121 247 245 100 186 151 10 172 250 134 80 141 61 16 25 171 252 226 202
197 229 218 13 3 153 158 197 221 173 71 37 5 198 68 123 96 80 210 170
63 222 220 185 42 157 239 205 191 147 236 98 110 200 254 96 59 231 2 95
99 121 69 249 193 130 163 24 39 40 105 7 27 228 91 184 240 142 26 2
71 246 9 73 203 219 49 190 235 98 228 166 120 255 248 22 30 107 213 142
117 217 161 37 41 62 53 93 91 137 2 50 192 244 98 55 184 3 182 47
127 99 152 135 117 225 226 201 2 32 110 253 233 12 101 117 87 94 208 146
146 19 27 195 16 147 172 189 4 52 228 34 6 107 199 183 55 244 171 232
248 166 17 218 253 172 10 41 153 26 21 216 207 194 1 190 133 94 182 151
127 158 57 78 88 80 7 142 236 192 75 160 238 44 26 116 160 172 102 142
44 52 115 57 66 215 127 194 60 71 154 113 41 119 135 123 246 35 138 218
225 80 130 67 130 80 238 207 209 8 156 181 81 119 194 95 220 115 196 113
53 31 135 83 173 111 136 222 40 200 59 39 109 47 49 18 228 189 15 199
225 78 95 59 198 84 219 56 143 181 204 121 140 152 5 0 101 9 90 216
145 19 203 97 71 173 103 159 86 115 135 74 152 118 119 127 223 214 247 114
204 207 236 81 40 108 83 193 185 136 166 10 205 229 67 214 211 62 187 178
250 122 238 26 222 142 5 121 106 162 176 200 220 22 57 19 242 91 234 72
83 73 205 187 200 29 137 85 203 3 82 215 129 220 36 128 17 222 60 202
174 83 22 50 234 23 68 136 33 209 61 153 146 197 215 201 20 176 9 137
3 31 160 240 212 124 32 13 41 175 139 172 45 21 250 121 97 11 245 39
7 213 201 8 80 14 70 174 149 140 224 201 80 179 84 191 65 159 180 200
244 67 189 3 71 18 216 242 193 197 183 107 180 61 189 10 186 96 206 244
191 217 163 226 18 98 217 31 141 101 11 147 252 60 206 201 128 17 209 66
137 86 124 54 81 204 113 98 21 105 18 247 236 14 136 166 111 107 131 247
184 27 252 9 77 36 167 217 39 91 79 134 157 214 38 65 169 64 118 72
244 239 247 124 244 200 245 82 44 195 86 52 250 13 230 68 73 223 235 13
12 234 16 187 5 172 48 69 191 223 255 17 175 113 147 205 65 141 78 115
103 14 81 217 195 108 241 189 185 112 74 46 163 219 23 214 233 110 182 216
53 123 39 161 229 127 189 100 54 126 168 193 92 105 109 118 159 191 103 90
225 100 238 246 237 111 84 58 63 170 22 255 41 8 245 59 112 151 9 193
